# 3D point list with one line of data per point:
#   POINT3D_ID, X, Y, Z, R, G, B, ERROR, TRACK[] as (IMAGE_ID, POINT2D_IDX)
# Number of points: 18, mean track length: 4.333333333333333
778 3.0610129483667805 -3.6666060289599742 16.339072739483921 138 79 102 1.1545030802755616 7 313 10 384
78 -2.8448093227028073 -1.6297355860656517 9.0338283657459986 156 147 143 0.19330692417666617 15 556 16 390 8 407 11 430
438 -7.3378269525929056 -4.2859151452466779 24.56857261867399 253 252 250 1.1036743999238305 7 284 15 364 2 297 16 377 10 396 9 310 6 367
421 -9.5233162195706633 -4.2966217553477017 28.482779227699094 127 120 131 0.76500162365849356 16 370 7 217 2 226 9 235 5 220 6 214
394 -7.4589982789072211 -4.2689889704656352 28.130441755431796 247 229 233 1.5941288280535675 15 342 7 164 2 167 2 219 9 228 16 347 6 220 5 152 8 241
813 -54.861216948680074 15.825672662337949 94.972336091812849 0 0 0 0.039804646060505655 7 39 10 270
540 -3.9884121279167499 -3.1683889455915137 17.057271366752289 180 161 163 1.4856961684400405 8 452 2 377 16 506 7 317
773 3.5869807015919202 -3.3642312067868962 15.995401688573038 235 218 229 0.7649253981386237 7 224 10 51 6 54
723 -4.5435325751326401 -3.802608469159797 21.597664016579024 143 135 143 0.87885813048806194 5 216 9 329 10 314 6 322
543 -6.1781542919018104 -2.9119601815077347 19.243906874555442 169 158 162 1.1990828014418433 7 150 8 165 16 240 7 319 2 93 10 220 15 227
891 -8.9146613748021473 -4.4082359286399946 28.703047468822419 96 89 101 0.60789036777711325 5 217 9 278 6 215
833 -4.2858693076460641 -3.0444308186510827 16.808965031358014 0 0 0 0.85529314629754438 7 316 9 350 15 484
398 0.52830686153334383 -0.48696121177927576 1.8164345070282371 0 0 0 1.0116991892252736 8 163 15 339 16 339
701 -7.0364318518114786 -4.8169086897020952 27.309269942024454 155 138 144 1.8691380223390255 7 218 9 212 10 186 2 346 8 168 7 323 2 227 5 326 6 212 6 227 8 228
475 -4.9097693033108367 -3.256970475318091 17.176552285615017 118 60 69 0.80835123743433712 8 26 2 16
794 0.25653270800814271 -1.0878438590713289 4.7311837566973098 198 117 126 0.099938647391264748 9 25 15 117 11 75
678 3.6019425623004571 -2.8040734447450135 17.041206312313744 145 101 104 1.5313158955973212 7 78 10 37 6 34
444 0.54925481256672271 -0.47822906638813162 1.7513192564817535 0 0 0 0.47595019434943064 8 465 15 448
